INFO: 2023-04-02 11:16:50,567: Data
INFO: 2023-04-02 11:16:54,351: Data shape (110527, 14)
INFO: 2023-04-02 11:16:57,226: Percentage of women: 0.653882342398853
INFO: 2023-04-02 11:17:10,068: Percentage of men: 0.346117657601147
ERROR: 2023-04-02 11:17:18,769: Data shape is incorrect!
